1.>> v=3:3:100
v =

  3 6 9 12 15 18 21 24 27 30 33 36 39 42 45 48 51 54 57 60 63 66 69 72 75 78 81 84 87 90 93 9
6 99

2. >> x=[1 2 3 4 5]
x =

 1 2 3 4 5

>> y=(-3*(x.^2))+4*x+1
y =

 2 -3 -14 -31 -54

>> max(y)
ans = 2

3. >> p=[ 2.45, 3.95, 8]
p =

 2.45 3.95 8

>> q=[2 6 3]
q =

 2 6 3
>> p.*q
ans =

 4.9 23.7 24

>> sum(ans)
ans = 52.6

4.x =

  105 110 115 120 125 130 135 140 145 150 155 160 165 170 175 180 185 190 195 200

>> y=107:7:200
y =

  107 114 121 128 135 142 149 156 163 170 177 184 191 198


>> unique(sort(horzcat(x, y)))
ans =

 105 107 110 114 115 120 121 125 128 130 135 140 142 145 149 150 155 156 160 163 165 170 175
177 180 184 185 190 191 195 198 200