# Created by Octave 3.2.4, Sat Oct 06 16:58:45 2012 WEST <jgr@beijing>
# name: bpm
# type: matrix
# rows: 1
# columns: 659
77 85 85 83 80 80 80 81 85 96 100 102 103 104 101 100 99 99 99 102 105 108 111 117 130 134 135 136 138 144 145 146 147 149 151 152 153 153 153 153 154 154 154 155 155 155 155 155 155 155 155 155 155 155 155 155 155 155 156 156 156 156 156 155 156 156 156 156 157 158 159 159 159 159 158 157 156 156 156 156 157 157 157 157 157 157 157 157 157 157 157 157 157 156 155 155 155 155 155 156 157 157 157 157 156 156 156 156 155 155 155 155 155 155 155 156 156 156 156 157 158 158 158 157 156 156 156 156 157 158 158 158 157 157 157 157 157 157 157 157 157 157 157 157 159 159 160 160 160 160 160 160 160 160 160 159 159 158 158 158 158 158 158 158 157 157 157 157 157 156 156 156 156 157 159 159 160 160 160 162 162 162 162 162 162 162 162 162 161 161 160 160 160 160 157 156 156 156 156 157 157 157 158 158 158 158 158 158 158 159 159 160 160 160 160 160 160 160 160 160 160 160 160 160 160 160 160 160 160 160 160 160 160 160 160 160 160 160 160 160 160 160 160 160 160 161 161 161 161 162 162 162 162 161 160 160 160 160 160 161 161 161 161 160 160 160 160 160 160 160 160 160 160 160 160 160 160 160 160 162 162 162 162 162 161 160 160 160 160 161 161 161 161 161 161 160 160 160 161 162 163 163 163 163 162 161 161 161 161 161 161 161 161 161 161 161 161 161 161 162 162 162 162 162 162 162 163 163 164 165 166 166 166 165 164 163 163 162 162 163 163 164 164 165 165 165 165 165 165 165 165 165 165 165 165 164 164 164 164 165 165 165 165 165 165 165 165 165 165 165 165 165 165 165 165 165 165 165 165 165 165 165 165 165 165 165 165 165 165 165 165 165 165 165 165 165 165 165 165 165 165 165 165 165 166 166 166 166 166 165 165 165 165 165 165 165 165 165 165 165 165 165 165 165 165 165 165 165 165 165 165 165 165 166 167 168 169 169 169 168 167 167 167 167 167 167 168 168 169 170 170 170 169 169 168 168 168 168 168 169 169 169 170 170 170 170 170 170 170 169 169 169 168 168 169 169 168 168 168 169 169 170 170 170 170 170 170 170 170 170 170 170 170 170 170 170 170 170 170 170 170 170 170 170 170 170 170 170 170 170 170 170 170 170 170 169 168 167 165 158 155 154 152 150 145 143 142 141 140 136 134 133 132 130 127 126 126 126 125 125 125 125 125 126 127 127 127 127 127 126 126 126 125 124 121 120 119 119 118 118 118 118 118 118 114 113 112 111 109 109 109 109 109 109 109 110 110 110 110 110 110 110 110 110 109 109 109 109 110 111 112 113 113 113 114 114 114 115 116 119 120 121 122 124 127 127 128 128 129 133 135 135 135 134 129 127 126 125 124 122 121 121 120 119 116 115 115 115 115 114 113 113 113 113 115 116 116 116 116 114 113 112 111 109 105 105 104 104 104 104 104 104 104 104 104 104 104 104 104
